Loss,Accuracy,Learning_rate
0.9857987761497498,0.484375,0.01
0.6091171503067017,0.6953125,0.01
0.5307791829109192,0.765625,0.01
0.4723341464996338,0.80078125,0.01
0.4357227385044098,0.8218749761581421,0.01
0.40979883074760437,0.8359375,0.01
0.40196678042411804,0.8504464030265808,0.01
0.3837037682533264,0.861328125,0.01
0.3600010275840759,0.8697916865348816,0.01
0.3429161012172699,0.8734375238418579,0.01
0.33173561096191406,0.8792613744735718,0.01
0.31584471464157104,0.8854166865348816,0.01
0.30838847160339355,0.890625,0.01
0.2966306209564209,0.8950892686843872,0.01
0.2884405255317688,0.8968750238418579,0.01
0.27814891934394836,0.900390625,0.01
0.2685243487358093,0.9034926295280457,0.01
0.2595810890197754,0.90625,0.01
0.25517505407333374,0.9070723652839661,0.01
0.2527520954608917,0.9085937738418579,0.01
0.248524472117424,0.9092261791229248,0.01
0.24741224944591522,0.9105113744735718,0.01
0.24035748839378357,0.913722813129425,0.01
0.23803579807281494,0.9147135615348816,0.01
0.2352694720029831,0.9150000214576721,0.01
0.2311854064464569,0.917067289352417,0.01
0.22614489495754242,0.9189814925193787,0.01
0.22119171917438507,0.9207589030265808,0.01
0.21822792291641235,0.9224137663841248,0.01
0.2157219648361206,0.9239583611488342,0.01
0.2164057493209839,0.9248992204666138,0.01
0.21635660529136658,0.92333984375,0.01
0.2137676477432251,0.9242424368858337,0.01
0.2104063630104065,0.9250919222831726,0.01
0.20842322707176208,0.9258928298950195,0.01
0.2067204862833023,0.9266493320465088,0.01
0.204553484916687,0.9273648858070374,0.01
0.20310157537460327,0.9276315569877625,0.01
0.20183256268501282,0.9282852411270142,0.01
0.20474891364574432,0.926562488079071,0.01
0.20691847801208496,0.926067054271698,0.01
0.2043180912733078,0.9270833134651184,0.01
0.20248150825500488,0.9280523061752319,0.01
0.20051683485507965,0.9289772510528564,0.01
0.20049621164798737,0.9277777671813965,0.01
0.1974649429321289,0.9290081262588501,0.01
0.1956872045993805,0.9295212626457214,0.01
0.1940782070159912,0.9300130009651184,0.01
0.19342590868473053,0.9295280575752258,0.01
0.19142600893974304,0.9303125143051147,0.01
0.18920990824699402,0.9310661554336548,0.01
0.18758340179920197,0.9314903616905212,0.01
0.18628399074077606,0.9316037893295288,0.01
0.18745991587638855,0.9311342835426331,0.01
0.18585017323493958,0.9315341114997864,0.01
0.1870078146457672,0.931640625,0.01
0.18588751554489136,0.9317434430122375,0.01
0.18594147264957428,0.9315732717514038,0.01
0.18457642197608948,0.9322034120559692,0.01
0.18254521489143372,0.9330729246139526,0.01
0.18268190324306488,0.9331454634666443,0.01
0.1845693588256836,0.9329637289047241,0.01
0.18277089297771454,0.933779776096344,0.01
0.18318983912467957,0.93359375,0.01
0.18147513270378113,0.934374988079071,0.01
0.18025600910186768,0.9344223737716675,0.01
0.17959032952785492,0.9347015023231506,0.01
0.178324893116951,0.9352021813392639,0.01
0.1774578094482422,0.9356883764266968,0.01
0.17673105001449585,0.9361607432365417,0.01
0.17704613506793976,0.9361795783042908,0.01
0.1775580495595932,0.9364149570465088,0.01
0.17690689861774445,0.9364297986030579,0.01
0.17628905177116394,0.9368665814399719,0.01
0.17608016729354858,0.9370833039283752,0.01
0.1748194694519043,0.9377055764198303,0.01
0.17436733841896057,0.9381087422370911,0.01
0.1735800951719284,0.9381009340286255,0.01
0.17284657061100006,0.938093364238739,0.01
0.171859011054039,0.938671886920929,0.01
0.1712762862443924,0.9388502836227417,0.01
0.17188334465026855,0.9384527206420898,0.01
0.17108748853206635,0.9386295080184937,0.01
0.17098736763000488,0.9386160969734192,0.01
0.1718374788761139,0.9384191036224365,0.01
0.17161822319030762,0.9384084343910217,0.01
0.1712489128112793,0.9382184147834778,0.01
0.1710633486509323,0.9383878111839294,0.01
0.17109736800193787,0.9382022619247437,0.01
0.17072702944278717,0.9383680820465088,0.01
0.16970989108085632,0.9387019276618958,0.01
0.17006348073482513,0.9385190010070801,0.01
0.16872169077396393,0.9391801357269287,0.01
0.16818024218082428,0.9394946694374084,0.01
0.16831980645656586,0.9394736886024475,0.01
0.16793426871299744,0.9397786259651184,0.01
0.1676885187625885,0.9400773048400879,0.01
0.1669108271598816,0.9402104616165161,0.01
0.16640552878379822,0.9403409361839294,0.01
0.16203583776950836,0.9375,0.01
0.1539781242609024,0.953125,0.01
0.1835329234600067,0.9375,0.01
0.1809568703174591,0.9375,0.01
0.16654568910598755,0.9437500238418579,0.01
0.1493891179561615,0.9505208134651184,0.01
0.1457042098045349,0.9486607313156128,0.01
0.1476367712020874,0.947265625,0.01
0.14222969114780426,0.9461805820465088,0.01
0.14600394666194916,0.9437500238418579,0.01
0.14005537331104279,0.9446022510528564,0.01
0.1421659290790558,0.94140625,0.01
0.13865993916988373,0.9435096383094788,0.01
0.13884097337722778,0.9430803656578064,0.01
0.13997885584831238,0.9437500238418579,0.01
0.14822475612163544,0.939453125,0.01
0.14679469168186188,0.9402573704719543,0.01
0.14482270181179047,0.9409722089767456,0.01
0.1471712738275528,0.9416118264198303,0.01
0.14959590137004852,0.9398437738418579,0.01
0.14666180312633514,0.941220223903656,0.01
0.14345408976078033,0.9424715638160706,0.01
0.1474655568599701,0.9402173757553101,0.01
0.15346306562423706,0.9388020634651184,0.01
0.15320320427417755,0.9381250143051147,0.01
0.15214359760284424,0.9387019276618958,0.01
0.14942720532417297,0.9398148059844971,0.01
0.14819392561912537,0.9408482313156128,0.01
0.14641107618808746,0.9418103694915771,0.01
0.14949651062488556,0.9411458373069763,0.01
0.1487405151128769,0.9415322542190552,0.01
0.149314284324646,0.94140625,0.01
0.15181955695152283,0.9412878751754761,0.01
0.15091024339199066,0.9416360259056091,0.01
0.14934708178043365,0.9428571462631226,0.01
0.14731809496879578,0.9435763955116272,0.01
0.14562320709228516,0.9442567825317383,0.01
0.14348627626895905,0.9457237124443054,0.01
0.14217115938663483,0.9463140964508057,0.01
0.14024603366851807,0.9468749761581421,0.01
0.14363357424736023,0.9462652206420898,0.01
0.1448989361524582,0.9460565447807312,0.01
0.14787337183952332,0.944767415523529,0.01
0.14696407318115234,0.9453125,0.01
0.1481396108865738,0.9437500238418579,0.01
0.14883235096931458,0.9429348111152649,0.01
0.1472364366054535,0.9438164830207825,0.01
0.14646008610725403,0.9440104365348816,0.01
0.14792999625205994,0.9435586929321289,0.01
0.148891881108284,0.9428125023841858,0.01
0.14937029778957367,0.9427083134651184,0.01
0.14963243901729584,0.942307710647583,0.01
0.14867721498012543,0.942806601524353,0.01
0.14799553155899048,0.9435763955116272,0.01
0.14714287221431732,0.9440340995788574,0.01
0.14688080549240112,0.9441964030265808,0.01
0.14647413790225983,0.9443530440330505,0.01
0.1468551903963089,0.9442349076271057,0.01
0.14687427878379822,0.9438559412956238,0.01
0.14600840210914612,0.9442708492279053,0.01
0.14500801265239716,0.9446721076965332,0.01
0.14409925043582916,0.9453125,0.01
0.1453102082014084,0.9454365372657776,0.002
0.14584198594093323,0.944580078125,0.002
0.14471185207366943,0.9449519515037537,0.002
0.14461375772953033,0.9450757503509521,0.002
0.14307479560375214,0.9456623196601868,0.002
0.14245827496051788,0.9460018277168274,0.002
0.14286069571971893,0.945652186870575,0.002
0.14277531206607819,0.9453125,0.002
0.14374761283397675,0.9452024698257446,0.002
0.1424650400876999,0.9457465410232544,0.002
0.14249296486377716,0.9452054500579834,0.002
0.14234860241413116,0.9448902010917664,0.002
0.14201602339744568,0.9447916746139526,0.002
0.14399676024913788,0.9446957111358643,0.002
0.14376218616962433,0.9448052048683167,0.002
0.14334192872047424,0.9451121687889099,0.002
0.1426052451133728,0.9454113841056824,0.002
0.14390598237514496,0.945117175579071,0.002
0.14272497594356537,0.9456018805503845,0.002
0.14208923280239105,0.9456936120986938,0.002
0.1414986103773117,0.9455949068069458,0.002
0.14041076600551605,0.9460565447807312,0.002
0.1428087204694748,0.945036768913269,0.002
0.14310112595558167,0.944767415523529,0.002
0.14361131191253662,0.944145143032074,0.002
0.14355869591236115,0.9442471861839294,0.002
0.1437109410762787,0.9443469047546387,0.002
0.143665611743927,0.9444444179534912,0.002
0.14411872625350952,0.9443681240081787,0.002
0.14375735819339752,0.9446331262588501,0.002
0.14463922381401062,0.9440523982048035,0.002
0.1442509889602661,0.9443151354789734,0.002
0.14447806775569916,0.9440789222717285,0.002
0.14723575115203857,0.9431965947151184,0.002
0.14658427238464355,0.9434600472450256,0.002
0.14677193760871887,0.9435586929321289,0.002
0.14692364633083344,0.9434974789619446,0.002
0.14670605957508087,0.9434375166893005,0.002
0.13433152437210083,0.96875,0.002
0.12688471376895905,0.9609375,0.002
0.13372959196567535,0.953125,0.002
0.1265227347612381,0.95703125,0.002
0.1334439516067505,0.956250011920929,0.002
0.14684626460075378,0.9505208134651184,0.002
0.15367825329303741,0.9441964030265808,0.002
0.15270006656646729,0.9453125,0.002
0.14729945361614227,0.9479166865348816,0.002
0.15095342695713043,0.948437511920929,0.002
0.15918219089508057,0.9474431872367859,0.002
0.1604529619216919,0.9466145634651184,0.002
0.16036094725131989,0.9447115659713745,0.002
0.16575121879577637,0.9419642686843872,0.002
0.16426624357700348,0.9437500238418579,0.002
0.1608859896659851,0.9443359375,0.002
0.1633397787809372,0.9430146813392639,0.002
0.16580694913864136,0.9418402910232544,0.002
0.16193202137947083,0.9432565569877625,0.002
0.1621721237897873,0.94140625,0.002
0.16326475143432617,0.941220223903656,0.002
0.16061809659004211,0.9431818127632141,0.002
0.1603226661682129,0.94361412525177,0.002
0.16003644466400146,0.9440104365348816,0.002
0.15746991336345673,0.9456250071525574,0.002
0.16097216308116913,0.9453125,0.002
0.16070111095905304,0.9450231194496155,0.002
0.15768498182296753,0.9469866156578064,0.002
0.15725983679294586,0.946659505367279,0.002
0.1561766415834427,0.9463541507720947,0.002
0.1571366935968399,0.9470766186714172,0.002
0.15544700622558594,0.94775390625,0.002
0.15661726891994476,0.9479166865348816,0.002
0.1580895483493805,0.9476103186607361,0.002
0.15754997730255127,0.9477678537368774,0.002
0.15908291935920715,0.9479166865348816,0.002
0.160085529088974,0.947212815284729,0.002
0.1586029827594757,0.9473684430122375,0.002
0.1555834263563156,0.9487179517745972,0.002
0.1536334753036499,0.94921875,0.002
0.1519751399755478,0.9496951103210449,0.002
0.152061328291893,0.9486607313156128,0.002
0.15249881148338318,0.9487645626068115,0.002
0.15075474977493286,0.94921875,0.002
0.14985597133636475,0.949305534362793,0.002
0.1508057564496994,0.94870924949646,0.002
0.1515503227710724,0.9484707713127136,0.002
0.15114381909370422,0.9485676884651184,0.002
0.15158216655254364,0.9480229616165161,0.002
0.15235641598701477,0.9471874833106995,0.002
0.15373001992702484,0.9466911554336548,0.002
0.15460266172885895,0.946213960647583,0.002
0.15307578444480896,0.9466391801834106,0.002
0.15333253145217896,0.9467592835426331,0.002
0.15388311445713043,0.9463068246841431,0.002
0.15305748581886292,0.9461495280265808,0.002
0.15420934557914734,0.9451754093170166,0.002
0.15466536581516266,0.9447737336158752,0.002
0.15480001270771027,0.9443855881690979,0.002
0.15484057366847992,0.944531261920929,0.002
0.15521658957004547,0.9441598653793335,0.002
0.15552787482738495,0.9443044066429138,0.002
0.15577033162117004,0.9441964030265808,0.002
0.1545993834733963,0.9443359375,0.002
0.15660764276981354,0.9435096383094788,0.002
0.15621061623096466,0.9436553120613098,0.002
0.15570864081382751,0.9437966346740723,0.002
0.15443941950798035,0.9443933963775635,0.002
0.1532411128282547,0.9451992511749268,0.002
0.15229226648807526,0.9457589387893677,0.002
0.15291540324687958,0.9452024698257446,0.002
0.153396874666214,0.9450954794883728,0.002
0.15470606088638306,0.9447773694992065,0.002
0.1539911925792694,0.9451013803482056,0.002
0.15371164679527283,0.9454166889190674,0.002
0.1532524675130844,0.9455180764198303,0.002
0.15287041664123535,0.9458197951316833,0.002
0.15313978493213654,0.9457131624221802,0.002
0.15313805639743805,0.9458069801330566,0.002
0.15298748016357422,0.9457031488418579,0.002
0.15205122530460358,0.9461805820465088,0.002
0.1513800024986267,0.9464557766914368,0.002
0.15068621933460236,0.9467244148254395,0.002
0.15010668337345123,0.9468005895614624,0.002
0.15032225847244263,0.9466911554336548,0.002
0.1498880386352539,0.9467659592628479,0.002
0.14905056357383728,0.9470186829566956,0.002
0.15116848051548004,0.9467329382896423,0.002
0.15207287669181824,0.9462780952453613,0.002
0.15134678781032562,0.9465277791023254,0.002
0.15240278840065002,0.9459134340286255,0.002
0.15318116545677185,0.945652186870575,0.002
0.15315616130828857,0.9457325339317322,0.002
0.15330816805362701,0.9458111524581909,0.002
0.1530970335006714,0.9458881616592407,0.002
0.15258410573005676,0.9461262822151184,0.002
0.15179000794887543,0.9465206265449524,0.002
0.1512283980846405,0.9465880393981934,0.002
0.15052902698516846,0.9469696879386902,0.002
0.15064457058906555,0.9468749761581421,0.002
0.18411977589130402,0.9375,0.002
0.1581205427646637,0.953125,0.002
0.15366318821907043,0.953125,0.002
0.1524319350719452,0.95703125,0.002
0.15924464166164398,0.949999988079071,0.002
0.15247692167758942,0.9479166865348816,0.002
0.151397705078125,0.9508928656578064,0.002
0.14048819243907928,0.955078125,0.002
0.14196154475212097,0.9513888955116272,0.002
0.14028242230415344,0.949999988079071,0.002
0.13742856681346893,0.9488636255264282,0.002
0.1322823166847229,0.9505208134651184,0.002
0.13554538786411285,0.9507211446762085,0.002
0.1309477984905243,0.9520089030265808,0.002
0.1322295069694519,0.9520833492279053,0.002
0.13461898267269135,0.953125,0.002
0.14531895518302917,0.9494485259056091,0.002
0.14373207092285156,0.9505208134651184,0.002
0.14078983664512634,0.9506579041481018,0.002
0.13686347007751465,0.952343761920929,0.002
0.14508265256881714,0.9501488208770752,0.002
0.14440913498401642,0.9495738744735718,0.002
0.14110136032104492,0.9510869383811951,0.002
0.14949363470077515,0.9479166865348816,0.002
0.14709417521953583,0.9487500190734863,0.002
0.1448415070772171,0.9495192170143127,0.002
0.14301790297031403,0.9496527910232544,0.002
0.14445193111896515,0.9486607313156128,0.002
0.14611998200416565,0.9482758641242981,0.002
0.1448863446712494,0.948437511920929,0.002
0.1472623497247696,0.9475806355476379,0.002
0.14729225635528564,0.94775390625,0.002
0.1499180644750595,0.9474431872367859,0.002
0.14806987345218658,0.9480698704719543,0.002
0.14852803945541382,0.9477678537368774,0.002
0.14594022929668427,0.94921875,0.002
0.14454858005046844,0.9489020109176636,0.002
0.14861102402210236,0.9469572305679321,0.002
0.1465846300125122,0.9479166865348816,0.002
0.14751286804676056,0.9468749761581421,0.002
0.14659160375595093,0.9474085569381714,0.002
0.14589789509773254,0.9471726417541504,0.002
0.14604821801185608,0.9469476938247681,0.002
0.14609089493751526,0.9470880627632141,0.002
0.14365381002426147,0.9482638835906982,0.002
0.14339174330234528,0.94870924949646,0.002
0.14461569488048553,0.9484707713127136,0.002
0.1438092589378357,0.9485676884651184,0.002
0.14230258762836456,0.9489796161651611,0.002
0.1412965953350067,0.9493749737739563,0.002
0.14196012914180756,0.9491421580314636,0.002
0.14196789264678955,0.94921875,0.002
0.14416682720184326,0.9484080076217651,0.002
0.1437845230102539,0.9487847089767456,0.002
0.14155380427837372,0.9497159123420715,0.002
0.1422550082206726,0.94921875,0.002
0.14125193655490875,0.9492872953414917,0.002
0.14168694615364075,0.9490840435028076,0.002
0.14170876145362854,0.9491525292396545,0.002
0.14039987325668335,0.9497395753860474,0.002
0.1395653486251831,0.9500512480735779,0.002
0.14100252091884613,0.9495967626571655,0.002
0.14128229022026062,0.9491567611694336,0.002
0.14177781343460083,0.948974609375,0.002
0.14208126068115234,0.9485576748847961,0.002
0.1418815702199936,0.9483901262283325,0.002
0.14258208870887756,0.9479944109916687,0.002
0.143684521317482,0.9480698704719543,0.002
0.14404504001140594,0.9479166865348816,0.002
0.14484421908855438,0.9475446343421936,0.002
0.1447521299123764,0.9476232528686523,0.002
0.14318156242370605,0.9483506679534912,0.002
0.14239412546157837,0.948630154132843,0.002
0.14160476624965668,0.9489020109176636,0.002
0.14246878027915955,0.9487500190734863,0.002
0.1433909684419632,0.9483963847160339,0.002
0.14382174611091614,0.948051929473877,0.002
0.14378204941749573,0.9479166865348816,0.002
0.14418341219425201,0.9481803774833679,0.002
0.14488111436367035,0.9476562738418579,0.002
0.14438360929489136,0.9475308656692505,0.002
0.14387968182563782,0.9477896094322205,0.002
0.14384788274765015,0.9480421543121338,0.002
0.14384296536445618,0.9481026530265808,0.002
0.14290958642959595,0.9485294222831726,0.002
0.1416817158460617,0.9489462375640869,0.002
0.14227324724197388,0.9488146305084229,0.002
0.1424194574356079,0.9490411877632141,0.002
0.1421077400445938,0.9492626190185547,0.002
0.1418362557888031,0.9494791626930237,0.002
0.14287422597408295,0.9493475556373596,0.002
0.14298538863658905,0.94921875,0.002
0.1437322199344635,0.9485887289047241,0.002
0.14456352591514587,0.9484707713127136,0.002
0.14496231079101562,0.948519766330719,0.002
0.1449974775314331,0.9484049677848816,0.002
0.14448867738246918,0.9482925534248352,0.002
0.1458912193775177,0.9475446343421936,0.002
0.14571942389011383,0.9477588534355164,0.002
0.14673233032226562,0.9476562738418579,0.002
0.10019826889038086,0.953125,0.002
0.11145671457052231,0.9453125,0.002
0.11330762505531311,0.9427083134651184,0.002
0.11493915319442749,0.9453125,0.002
0.13374100625514984,0.940625011920929,0.002
0.14114011824131012,0.9322916865348816,0.002
0.13826940953731537,0.9330357313156128,0.002
0.13384510576725006,0.935546875,0.002
0.12776602804660797,0.9392361044883728,0.002
0.13179364800453186,0.9375,0.002
0.1321059763431549,0.9360795617103577,0.002
0.14200937747955322,0.93359375,0.002
0.14361321926116943,0.932692289352417,0.002
0.13859403133392334,0.9352678656578064,0.002
0.1473361700773239,0.9322916865348816,0.002
0.14524313807487488,0.93359375,0.002
0.14494988322257996,0.9347426295280457,0.002
0.145224466919899,0.9366319179534912,0.002
0.1423317790031433,0.9383223652839661,0.002
0.14233344793319702,0.9390624761581421,0.002
0.14069046080112457,0.9404761791229248,0.002
0.14224547147750854,0.9396306872367859,0.002
0.14535902440547943,0.9375,0.002
0.14149296283721924,0.9401041865348816,0.002
0.14030173420906067,0.9412500262260437,0.002
0.14157982170581818,0.9393028616905212,0.002
0.14590369164943695,0.9386574029922485,0.002
0.1445082724094391,0.9397321343421936,0.002
0.14100611209869385,0.9412715435028076,0.002
0.13952745497226715,0.9427083134651184,0.002
0.1401049941778183,0.9435483813285828,0.002
0.13955816626548767,0.9443359375,0.002
0.14163513481616974,0.9436553120613098,0.002
0.14120973646640778,0.9439338445663452,0.002
0.1449117660522461,0.9424107074737549,0.002
0.1433161348104477,0.9431423544883728,0.002
0.14212004840373993,0.943412184715271,0.002
0.14115095138549805,0.9436677694320679,0.002
0.1410323977470398,0.9443109035491943,0.002
0.1412634700536728,0.9449218511581421,0.002
0.1423340141773224,0.9443597793579102,0.002
0.14244511723518372,0.9445684552192688,0.002
0.1439400166273117,0.9436773061752319,0.002
0.14405392110347748,0.9442471861839294,0.002
0.1434551328420639,0.9444444179534912,0.002
0.1456965208053589,0.9432744383811951,0.002
0.14353278279304504,0.944481372833252,0.002
0.14192602038383484,0.9453125,0.002
0.14147205650806427,0.9457908272743225,0.002
0.13944923877716064,0.9468749761581421,0.002
0.13982351124286652,0.9466911554336548,0.002
0.13935616612434387,0.9468148946762085,0.002
0.13735832273960114,0.947818398475647,0.002
0.13852545619010925,0.9473379850387573,0.002
0.1377030462026596,0.9477272629737854,0.002
0.13677522540092468,0.9481026530265808,0.002
0.13607707619667053,0.9487390518188477,0.002
0.136011004447937,0.9488146305084229,0.002
0.13500458002090454,0.9491525292396545,0.002
0.13560956716537476,0.94921875,0.002
0.13612757623195648,0.9485143423080444,0.002
0.13623937964439392,0.9488407373428345,0.002
0.13725854456424713,0.9484127163887024,0.002
0.1393910050392151,0.947998046875,0.002
0.13900509476661682,0.9480769038200378,0.002
0.1376017928123474,0.9488636255264282,0.002
0.1384899765253067,0.9484608173370361,0.002
0.139204204082489,0.9482996463775635,0.002
0.13840484619140625,0.9488224387168884,0.002
0.13733845949172974,0.9493303298950195,0.002
0.13781577348709106,0.9491637349128723,0.002
0.13747268915176392,0.9496527910232544,0.002
0.13805542886257172,0.9497003555297852,0.002
0.13959987461566925,0.9495354890823364,0.002
0.14056241512298584,0.9489583373069763,0.002
0.1409592628479004,0.9483963847160339,0.002
0.14103564620018005,0.9484577775001526,0.002
0.14197655022144318,0.9481169581413269,0.002
0.14218014478683472,0.9477847814559937,0.002
0.14202743768692017,0.9478515386581421,0.002
0.1424712985754013,0.9475308656692505,0.002
0.14302100241184235,0.9474085569381714,0.002
0.14305882155895233,0.9471008777618408,0.002
0.14375251531600952,0.9466145634651184,0.002
0.14276795089244843,0.9470587968826294,0.002
0.14267005026340485,0.9467659592628479,0.002
0.1426077038049698,0.9470186829566956,0.002
0.14461864531040192,0.9465553760528564,0.002
0.14564542472362518,0.946102499961853,0.002
0.14526993036270142,0.9465277791023254,0.002
0.14432168006896973,0.9471153616905212,0.002
0.14475107192993164,0.94701087474823,0.002
0.1455925703048706,0.9467405676841736,0.002
0.14663344621658325,0.9463098645210266,0.002
0.14669322967529297,0.9463815689086914,0.002
0.14625784754753113,0.94677734375,0.002
0.14698688685894012,0.9465206265449524,0.002
0.14631937444210052,0.9469068646430969,0.002
0.14625677466392517,0.9471275210380554,0.002
0.14584040641784668,0.9471874833106995,0.002
0.12805555760860443,0.96875,0.002
0.12436895072460175,0.96875,0.002
0.1369304358959198,0.96875,0.002
0.15247799456119537,0.953125,0.002
0.15515100955963135,0.949999988079071,0.002
0.15183430910110474,0.9453125,0.002
0.1489882469177246,0.9441964030265808,0.002
0.14635004103183746,0.9453125,0.002
0.14851930737495422,0.9427083134651184,0.002
0.14015381038188934,0.9468749761581421,0.002
0.15022467076778412,0.9446022510528564,0.002
0.14891260862350464,0.9453125,0.002
0.1657256782054901,0.9399038553237915,0.002
0.16052226722240448,0.9419642686843872,0.002
0.15314075350761414,0.9447916746139526,0.002
0.15303078293800354,0.9453125,0.002
0.153032124042511,0.9439338445663452,0.002
0.15526863932609558,0.9427083134651184,0.002
0.1533956229686737,0.9449012875556946,0.002
0.16091349720954895,0.940625011920929,0.002
0.15681402385234833,0.9427083134651184,0.002
0.1561109572649002,0.9431818127632141,0.002
0.15468791127204895,0.9442934989929199,0.002
0.16019387543201447,0.9420573115348816,0.002
0.1655593067407608,0.9387500286102295,0.002
0.16589172184467316,0.9387019276618958,0.002
0.16871517896652222,0.9386574029922485,0.002
0.16504758596420288,0.9408482313156128,0.002
0.16367076337337494,0.9418103694915771,0.002
0.16233740746974945,0.942187488079071,0.002
0.15828731656074524,0.9440523982048035,0.002
0.1550169587135315,0.94580078125,0.002
0.15497930347919464,0.9460227489471436,0.002
0.15503054857254028,0.9453125,0.002
0.15284252166748047,0.9459821581840515,0.002
0.15491290390491486,0.9457465410232544,0.002
0.1530613750219345,0.9463682174682617,0.002
0.1517602503299713,0.9465460777282715,0.002
0.15065865218639374,0.9471153616905212,0.002
0.1481853574514389,0.948046863079071,0.002
0.1480531394481659,0.9477896094322205,0.002
0.1479722410440445,0.9482886791229248,0.002
0.14581316709518433,0.9494912624359131,0.002
0.14655156433582306,0.9488636255264282,0.002
0.1454332321882248,0.9486111402511597,0.002
0.14548565447330475,0.9480298757553101,0.002
0.14406530559062958,0.9481382966041565,0.002
0.14489370584487915,0.947265625,0.002
0.14352597296237946,0.9473851919174194,0.002
0.14497871696949005,0.9468749761581421,0.002
0.1439252495765686,0.9473039507865906,0.002
0.14193657040596008,0.948317289352417,0.002
0.14268758893013,0.948113203048706,0.002
0.1417638212442398,0.9482060074806213,0.002
0.14304420351982117,0.9474431872367859,0.002
0.14200317859649658,0.9478236436843872,0.002
0.14186736941337585,0.9479166865348816,0.002
0.1415395587682724,0.9471982717514038,0.002
0.14090080559253693,0.9472987055778503,0.002
0.14177313446998596,0.9471353888511658,0.002
0.14160244166851044,0.946977436542511,0.002
0.14153489470481873,0.9470766186714172,0.002
0.1412666290998459,0.9471726417541504,0.002
0.1398850977420807,0.947509765625,0.002
0.14349131286144257,0.9463942050933838,0.002
0.14283275604248047,0.9464961886405945,0.002
0.1419498771429062,0.9465951323509216,0.002
0.1429353952407837,0.9460018277168274,0.002
0.14143933355808258,0.9467844367027283,0.002
0.14091600477695465,0.9466517567634583,0.002
0.1422954797744751,0.9465228915214539,0.002
0.14121609926223755,0.9468315839767456,0.002
0.14217789471149445,0.9467037916183472,0.002
0.14189553260803223,0.9465793967247009,0.002
0.1409621685743332,0.9470833539962769,0.002
0.14098265767097473,0.9469572305679321,0.002
0.1407700628042221,0.9468344449996948,0.002
0.14053301513195038,0.9473156929016113,0.002
0.1403123438358307,0.9473892450332642,0.002
0.14060519635677338,0.947070300579071,0.002
0.1404963582754135,0.9469521641731262,0.002
0.1407524049282074,0.9468368887901306,0.002
0.14027883112430573,0.9469126462936401,0.002
0.14026464521884918,0.9469866156578064,0.002
0.14072580635547638,0.9468749761581421,0.002
0.1403384506702423,0.9473110437393188,0.002
0.1398489624261856,0.9475574493408203,0.002
0.13920088112354279,0.9479758739471436,0.002
0.13875232636928558,0.948209285736084,0.002
0.13845853507518768,0.9486111402511597,0.002
0.1398182362318039,0.948317289352417,0.002
0.1392042636871338,0.948369562625885,0.002
0.13891583681106567,0.9484207034111023,0.002
0.13837188482284546,0.9486369490623474,0.002
0.13897493481636047,0.948519766330719,0.002
0.14043685793876648,0.9480794072151184,0.002
0.1401320844888687,0.9481314420700073,0.002
0.13967210054397583,0.9483418464660645,0.002
0.13969828188419342,0.9482323527336121,0.002
0.13984869420528412,0.9481250047683716,0.002
0.18471068143844604,0.890625,0.002
0.19018203020095825,0.8984375,0.002
0.1517813801765442,0.9270833134651184,0.002
0.15133355557918549,0.9296875,0.002
0.16322438418865204,0.925000011920929,0.002
0.1641944795846939,0.921875,0.002
0.17162729799747467,0.9196428656578064,0.002
0.15808060765266418,0.927734375,0.002
0.1489199846982956,0.9305555820465088,0.002
0.1416204273700714,0.932812511920929,0.002
0.14160576462745667,0.9332386255264282,0.002
0.14461052417755127,0.93359375,0.002
0.14545033872127533,0.9350961446762085,0.002
0.14433471858501434,0.9363839030265808,0.002
0.14379087090492249,0.9364583492279053,0.002
0.13797789812088013,0.9404296875,0.002
0.13682587444782257,0.9411764740943909,0.002
0.13611721992492676,0.9427083134651184,0.002
0.13445161283016205,0.9416118264198303,0.002
0.1320183277130127,0.9429687261581421,0.002
0.1307123303413391,0.944940447807312,0.002
0.12729234993457794,0.9467329382896423,0.002
0.12548182904720306,0.9476901888847351,0.002
0.13286450505256653,0.9466145634651184,0.002
0.1360764056444168,0.9468749761581421,0.002
0.13524965941905975,0.9471153616905212,0.002
0.13864316046237946,0.9456018805503845,0.002
0.13865680992603302,0.9458705186843872,0.002
0.13976718485355377,0.9461206793785095,0.002
0.13929496705532074,0.9458333253860474,0.002
0.13734589517116547,0.9465726017951965,0.002
0.13829462230205536,0.9462890625,0.002
0.13712340593338013,0.9469696879386902,0.002
0.1377934366464615,0.9466911554336548,0.002
0.13758248090744019,0.9468749761581421,0.002
0.13971613347530365,0.9470486044883728,0.002
0.13835789263248444,0.947212815284729,0.002
0.13971932232379913,0.9461348652839661,0.002
0.1392887383699417,0.9459134340286255,0.002
0.13787345588207245,0.946484386920929,0.002
0.13722969591617584,0.9470274448394775,0.002
0.1357228010892868,0.9479166865348816,0.002
0.13561272621154785,0.9480378031730652,0.002
0.13555267453193665,0.9481534361839294,0.002
0.13393177092075348,0.9489583373069763,0.002
0.13377052545547485,0.9490489363670349,0.002
0.1329912543296814,0.9491356611251831,0.002
0.13382232189178467,0.9488932490348816,0.002
0.13210345804691315,0.949617326259613,0.002
0.1323225051164627,0.9493749737739563,0.002
0.13107909262180328,0.9497548937797546,0.002
0.13224756717681885,0.9495192170143127,0.002
0.13190846145153046,0.9498820900917053,0.002
0.13161875307559967,0.9499421119689941,0.002
0.12998133897781372,0.9505681991577148,0.002
0.1304439902305603,0.9506138563156128,0.002
0.13146451115608215,0.9501096606254578,0.002
0.1324400007724762,0.9496228694915771,0.002
0.13098040223121643,0.9502118825912476,0.002
0.1307680606842041,0.9502604007720947,0.002
0.1320090889930725,0.9497950673103333,0.002
0.13163456320762634,0.9501007795333862,0.002
0.13198859989643097,0.9501488208770752,0.002
0.13097220659255981,0.950439453125,0.002
0.13051778078079224,0.9504807591438293,0.002
0.1305939108133316,0.9507575631141663,0.002
0.1304536759853363,0.9510261416435242,0.002
0.1302126795053482,0.951056957244873,0.002
0.1316910833120346,0.9508605003356934,0.002
0.13249634206295013,0.949999988079071,0.002
0.13211962580680847,0.9502640962600708,0.002
0.13200290501117706,0.9505208134651184,0.002
0.13133537769317627,0.9505565166473389,0.002
0.13165225088596344,0.9510135054588318,0.002
0.13138066232204437,0.9510416388511658,0.002
0.13049575686454773,0.9512746930122375,0.002
0.1307941973209381,0.9506899118423462,0.002
0.1311085820198059,0.9507211446762085,0.002
0.13219937682151794,0.9507516026496887,0.002
0.1334875077009201,0.950390636920929,0.002
0.1330164521932602,0.9508101940155029,0.002
0.13394542038440704,0.9508383870124817,0.002
0.1327619105577469,0.9514307379722595,0.002
0.1328708976507187,0.9514508843421936,0.002
0.13391034305095673,0.9511029124259949,0.002
0.13479718565940857,0.9507631063461304,0.002
0.13451218605041504,0.9507902264595032,0.002
0.13533420860767365,0.9502840638160706,0.002
0.1362011730670929,0.9497893452644348,0.002
0.13690125942230225,0.949131965637207,0.002
0.13692334294319153,0.9490041136741638,0.002
0.1367824375629425,0.948879063129425,0.002
0.13685326278209686,0.948924720287323,0.002
0.13685078918933868,0.9489694237709045,0.002
0.13634738326072693,0.9490131735801697,0.002
0.13668903708457947,0.94873046875,0.002
0.13663417100906372,0.9487757682800293,0.002
0.13592907786369324,0.9492984414100647,0.002
0.1367025524377823,0.9490214586257935,0.002
0.1363389790058136,0.94921875,0.002
0.18531548976898193,0.953125,0.002
0.16990630328655243,0.9375,0.002
0.16818559169769287,0.9270833134651184,0.002
0.17726922035217285,0.93359375,0.002
0.17707249522209167,0.934374988079071,0.002
0.17593836784362793,0.9348958134651184,0.002
0.17132435739040375,0.9352678656578064,0.002
0.1731831431388855,0.93359375,0.002
0.1681891232728958,0.9340277910232544,0.002
0.17251136898994446,0.932812511920929,0.002
0.16825854778289795,0.9346590638160706,0.002
0.17066483199596405,0.9361979365348816,0.002
0.16829602420330048,0.9387019276618958,0.002
0.16724678874015808,0.9375,0.002
0.16256612539291382,0.9385416507720947,0.002
0.16037783026695251,0.939453125,0.002
0.1654656082391739,0.935661792755127,0.002
0.16109395027160645,0.9366319179534912,0.002
0.15763212740421295,0.9383223652839661,0.002
0.1545248031616211,0.9398437738418579,0.002
0.1529342383146286,0.9404761791229248,0.002
0.15544413030147552,0.9396306872367859,0.002
0.15395766496658325,0.9395380616188049,0.002
0.15563350915908813,0.9381510615348816,0.002
0.15859031677246094,0.9362499713897705,0.002
0.15764117240905762,0.9375,0.002
0.1542075127363205,0.9392361044883728,0.002
0.15230022370815277,0.9397321343421936,0.002
0.15123561024665833,0.9401939511299133,0.002
0.15037666261196136,0.9401041865348816,0.002
0.14905956387519836,0.9410282373428345,0.002
0.14959043264389038,0.93994140625,0.002
0.15257690846920013,0.9384469985961914,0.002
0.15001770853996277,0.9397978186607361,0.002
0.14776085317134857,0.940625011920929,0.002
0.1472955346107483,0.9409722089767456,0.002
0.1480926126241684,0.9408783912658691,0.002
0.14994680881500244,0.9399670958518982,0.002
0.14991779625415802,0.9399038553237915,0.002
0.15146318078041077,0.939453125,0.002
0.15106138586997986,0.9397866129875183,0.002
0.15248167514801025,0.9397321343421936,0.002
0.15055501461029053,0.9404069781303406,0.002
0.14879170060157776,0.9410511255264282,0.002
0.15055705606937408,0.9409722089767456,0.002
0.14913387596607208,0.9415760636329651,0.002
0.1505153477191925,0.941821813583374,0.002
0.1485932171344757,0.9427083134651184,0.002
0.14900663495063782,0.9432398080825806,0.002
0.14797231554985046,0.9437500238418579,0.002
0.14754422008991241,0.9433210492134094,0.002
0.14755024015903473,0.9429086446762085,0.002
0.14775893092155457,0.9422169923782349,0.002
0.14790134131908417,0.9424189925193787,0.002
0.14734528958797455,0.9428977370262146,0.002
0.14665275812149048,0.943359375,0.002
0.14542971551418304,0.9443530440330505,0.002
0.14493705332279205,0.9450430870056152,0.002
0.14463552832603455,0.944915235042572,0.002
0.14596989750862122,0.944531261920929,0.002
0.14730727672576904,0.9446721076965332,0.002
0.14717410504817963,0.944556474685669,0.002
0.14635133743286133,0.944940447807312,0.002
0.14466552436351776,0.945556640625,0.002
0.14394204318523407,0.9456730484962463,0.002
0.14430341124534607,0.9453125,0.002
0.14351871609687805,0.9456623196601868,0.002
0.14379087090492249,0.9455422759056091,0.002
0.14338991045951843,0.945652186870575,0.002
0.14339707791805267,0.9455357193946838,0.002
0.1427566260099411,0.9458626508712769,0.002
0.1425953060388565,0.9461805820465088,0.002
0.14358726143836975,0.9460616707801819,0.002
0.1424308717250824,0.9465793967247009,0.002
0.14269572496414185,0.9462500214576721,0.002
0.14179642498493195,0.9467516541481018,0.002
0.1415102630853653,0.9468344449996948,0.002
0.1412244290113449,0.9465144276618958,0.002
0.1413814127445221,0.9465981125831604,0.002
0.14162009954452515,0.9466797113418579,0.002
0.1408582329750061,0.9469521641731262,0.002
0.14051219820976257,0.9472180008888245,0.002
0.14087943732738495,0.9467244148254395,0.002
0.14108960330486298,0.9466145634651184,0.002
0.1408458948135376,0.9466911554336548,0.002
0.1402900218963623,0.9471293687820435,0.002
0.14031776785850525,0.9468390941619873,0.002
0.14091889560222626,0.9467329382896423,0.002
0.14128156006336212,0.9464536309242249,0.002
0.14098995923995972,0.9468749761581421,0.002
0.1410708725452423,0.9469437003135681,0.002
0.14166878163814545,0.9468410611152649,0.002
0.14121463894844055,0.9469085931777954,0.002
0.14095035195350647,0.9469747543334961,0.002
0.14017067849636078,0.9472039341926575,0.002
0.14029520750045776,0.947265625,0.002
0.13983918726444244,0.9471649527549744,0.002
0.1408432275056839,0.9467474222183228,0.002
0.14070379734039307,0.9464961886405945,0.002
0.14060230553150177,0.9464062452316284,0.002
0.11084920912981033,0.953125,0.002
0.19142866134643555,0.9375,0.002
0.19525659084320068,0.9427083134651184,0.002
0.1734110414981842,0.9453125,0.002
0.16923661530017853,0.9437500238418579,0.002
0.15729209780693054,0.9479166865348816,0.002
0.15864181518554688,0.9464285969734192,0.002
0.15507885813713074,0.94921875,0.002
0.1576598435640335,0.9479166865348816,0.002
0.15739095211029053,0.948437511920929,0.002
0.15127454698085785,0.9502840638160706,0.002
0.14340609312057495,0.953125,0.002
0.13690032064914703,0.9543269276618958,0.002
0.1311056911945343,0.9564732313156128,0.002
0.13953159749507904,0.9510416388511658,0.002
0.14286118745803833,0.94921875,0.002
0.14474058151245117,0.9494485259056091,0.002
0.144064798951149,0.9487847089767456,0.002
0.14194132387638092,0.9490131735801697,0.002
0.1438569873571396,0.948437511920929,0.002
0.1388721615076065,0.9508928656578064,0.002
0.13944105803966522,0.9509943127632141,0.002
0.13896915316581726,0.9504076242446899,0.002
0.13658587634563446,0.951171875,0.002
0.13784421980381012,0.949999988079071,0.002
0.13893090188503265,0.950120210647583,0.002
0.13807807862758636,0.9508101940155029,0.002
0.14003898203372955,0.9508928656578064,0.002
0.1402021199464798,0.951508641242981,0.002
0.13757331669330597,0.9520833492279053,0.002
0.1354210078716278,0.9526209831237793,0.002
0.13304810225963593,0.953125,0.002
0.13599605858325958,0.951231062412262,0.002
0.134543314576149,0.9522058963775635,0.002
0.13391844928264618,0.9526785612106323,0.002
0.13299760222434998,0.9535590410232544,0.002
0.13221293687820435,0.9543918967247009,0.002
0.13737347722053528,0.9527137875556946,0.002
0.135813370347023,0.953125,0.002
0.13420704007148743,0.953906238079071,0.002
0.13317573070526123,0.9542682766914368,0.002
0.1355324387550354,0.9523809552192688,0.002
0.13613349199295044,0.9523982405662537,0.002
0.13457849621772766,0.9527698755264282,0.002
0.13474474847316742,0.9524305462837219,0.002
0.1350918710231781,0.9521059989929199,0.002
0.13475953042507172,0.951795220375061,0.002
0.13554830849170685,0.9518229365348816,0.002
0.13646036386489868,0.952168345451355,0.002
0.1346733272075653,0.9528124928474426,0.002
0.13443221151828766,0.9534313678741455,0.002
0.13335080444812775,0.9537259340286255,0.002
0.13356304168701172,0.9534198045730591,0.002
0.13458307087421417,0.9528356194496155,0.002
0.13382171094417572,0.9528409242630005,0.002
0.13293719291687012,0.953125,0.002
0.13119137287139893,0.9539473652839661,0.002
0.12983693182468414,0.954741358757019,0.002
0.12973323464393616,0.9547140002250671,0.002
0.13211020827293396,0.9541666507720947,0.002
0.1318323314189911,0.9544057250022888,0.002
0.1325840801000595,0.953881025314331,0.002
0.13088564574718475,0.9546130895614624,0.002
0.1321500688791275,0.9541015625,0.002
0.13263055682182312,0.9538461565971375,0.002
0.1331147700548172,0.9535984992980957,0.002
0.13466094434261322,0.9526585936546326,0.002
0.1345650553703308,0.9526654481887817,0.002
0.13524368405342102,0.9524456262588501,0.002
0.13534893095493317,0.9524553418159485,0.002
0.1345023810863495,0.9526848793029785,0.002
0.1357262134552002,0.9513888955116272,0.002
0.13472875952720642,0.9518407583236694,0.002
0.13435713946819305,0.9520692825317383,0.002
0.13427117466926575,0.9520833492279053,0.002
0.1346570998430252,0.9516858458518982,0.002
0.13507215678691864,0.9517045617103577,0.002
0.1349116563796997,0.9519230723381042,0.002
0.1353960782289505,0.9515427350997925,0.002
0.13525207340717316,0.9515625238418579,0.002
0.13482791185379028,0.9517747163772583,0.002
0.13435979187488556,0.9519817233085632,0.002
0.13483688235282898,0.9518072009086609,0.002
0.13420380651950836,0.9521949291229248,0.002
0.13524945080280304,0.9518382549285889,0.002
0.1348211169242859,0.9516715407371521,0.002
0.13487356901168823,0.9511494040489197,0.002
0.13419628143310547,0.9515269994735718,0.002
0.13355499505996704,0.9515449404716492,0.002
0.1327594369649887,0.9519097208976746,0.002
0.13316480815410614,0.9519230723381042,0.002
0.1330309808254242,0.951766312122345,0.002
0.1321161538362503,0.9521169066429138,0.002
0.13170786201953888,0.9519614577293396,0.002
0.13249504566192627,0.9516447186470032,0.002
0.13181987404823303,0.9519856572151184,0.002
0.13173408806324005,0.9519973993301392,0.002
0.13089238107204437,0.9523277878761292,0.002
0.13031113147735596,0.9526515007019043,0.002
0.1308460235595703,0.9524999856948853,0.002
0.11062337458133698,0.96875,0.002
0.09166422486305237,0.96875,0.002
0.1331113576889038,0.953125,0.002
0.17979811131954193,0.9375,0.002
0.1703662872314453,0.9468749761581421,0.002
0.18113772571086884,0.9427083134651184,0.002
0.19137604534626007,0.9375,0.002
0.17604109644889832,0.94140625,0.002
0.17018860578536987,0.9409722089767456,0.002
0.16645096242427826,0.940625011920929,0.002
0.16073353588581085,0.9431818127632141,0.002
0.16035115718841553,0.9375,0.002
0.1595212072134018,0.9399038553237915,0.002
0.15633392333984375,0.9408482313156128,0.002
0.16209764778614044,0.9385416507720947,0.002
0.1599525511264801,0.9384765625,0.002
0.15930874645709991,0.939338207244873,0.002
0.15484438836574554,0.9418402910232544,0.002
0.152013897895813,0.9440789222717285,0.002
0.1542671024799347,0.9437500238418579,0.002
0.15092307329177856,0.945684552192688,0.002
0.15000274777412415,0.9460227489471436,0.002
0.1525377482175827,0.9463315010070801,0.002
0.15594381093978882,0.9459635615348816,0.002
0.15416741371154785,0.9449999928474426,0.002
0.15399980545043945,0.9441105723381042,0.002
0.15086965262889862,0.9450231194496155,0.002
0.15048784017562866,0.9458705186843872,0.002
0.14882110059261322,0.9461206793785095,0.002
0.15030993521213531,0.9463541507720947,0.002
0.1526668220758438,0.9450604915618896,0.002
0.15649589896202087,0.94384765625,0.002
0.15359462797641754,0.9446022510528564,0.002
0.15175215899944305,0.9453125,0.002
0.15236473083496094,0.9450892806053162,0.002
0.15246844291687012,0.9453125,0.002
0.1521090269088745,0.9451013803482056,0.002
0.1508767008781433,0.9453125,0.002
0.14775654673576355,0.9467147588729858,0.002
0.14615002274513245,0.9468749761581421,0.002
0.14434310793876648,0.9477896094322205,0.002
0.14388403296470642,0.9479166865348816,0.002
0.14251962304115295,0.948401153087616,0.002
0.14042404294013977,0.94921875,0.002
0.1413581222295761,0.9489583373069763,0.002
0.14108175039291382,0.9490489363670349,0.002
0.14198578894138336,0.9478058218955994,0.002
0.1412878930568695,0.9482421875,0.002
0.14133521914482117,0.9480229616165161,0.002
0.1407412439584732,0.9487500190734863,0.002
0.14049477875232697,0.9488357901573181,0.002
0.14144255220890045,0.9477163553237915,0.002
0.141263946890831,0.9475235939025879,0.002
0.13982102274894714,0.9482060074806213,0.002
0.138609379529953,0.9488636255264282,0.002
0.1371750384569168,0.94921875,0.002
0.1375036984682083,0.9490131735801697,0.002
0.13745173811912537,0.9490840435028076,0.002
0.13678152859210968,0.9494173526763916,0.002
0.13634030520915985,0.9497395753860474,0.002
0.13889923691749573,0.9487704634666443,0.002
0.1382923126220703,0.9490927457809448,0.002
0.137124702334404,0.949404776096344,0.002
0.13699734210968018,0.94970703125,0.002
0.13640131056308746,0.949999988079071,0.002
0.13610447943210602,0.9498106241226196,0.002
0.13511011004447937,0.9503265023231506,0.002
0.1358209252357483,0.9496783018112183,0.002
0.13490216434001923,0.9501811861991882,0.002
0.13684403896331787,0.9491071701049805,0.002
0.13616900146007538,0.9493837952613831,0.002
0.135847806930542,0.9494357705116272,0.002
0.13468538224697113,0.950128436088562,0.002
0.13491174578666687,0.9497466087341309,0.002
0.13460566103458405,0.949791669845581,0.002
0.13409388065338135,0.9500411152839661,0.002
0.13514409959316254,0.9498782753944397,0.002
0.13498325645923615,0.9499198794364929,0.002
0.13430528342723846,0.949960470199585,0.002
0.13455580174922943,0.9498046636581421,0.002
0.1354881078004837,0.9498456716537476,0.002
0.13607968389987946,0.9496951103210449,0.002
0.13663350045681,0.9495481848716736,0.002
0.13634589314460754,0.9497767686843872,0.002
0.1380338966846466,0.9492647051811218,0.002
0.13744975626468658,0.9493095874786377,0.002
0.13728024065494537,0.9495330452919006,0.002
0.13633008301258087,0.9497514367103577,0.002
0.13556048274040222,0.9501404762268066,0.002
0.13538548350334167,0.9501736164093018,0.002
0.13549047708511353,0.9502060413360596,0.002
0.13662952184677124,0.950067937374115,0.002
0.1372734159231186,0.9501007795333862,0.002
0.13762550055980682,0.9498005509376526,0.002
0.13693328201770782,0.949999988079071,0.002
0.13597151637077332,0.9503580927848816,0.002
0.1356182098388672,0.9503865838050842,0.002
0.13513708114624023,0.9504145383834839,0.002
0.13480335474014282,0.9507575631141663,0.002
0.13443714380264282,0.9509375095367432,0.002
0.1087983250617981,0.953125,0.002
